
 1    	0.0000    	51.893791   
 2    	0.0196    	51.705074   
 3    	0.0391    	51.700619   
 4    	0.0587    	51.662411   
 5    	0.0783    	51.635490   
 6    	0.0978    	51.554619   
 7    	0.1174    	51.541134   
 8    	0.1370    	51.583797   
 9    	0.1566    	51.741024   
 10   	0.1761    	51.702877   
 11   	0.1957    	51.684872   
 12   	0.2153    	51.628716   
 13   	0.2348    	51.803951   
 14   	0.2544    	51.714108   
 15   	0.2740    	51.626461   
 16   	0.2935    	51.707333   
 17   	0.3131    	51.622005   
 18   	0.3327    	51.693844   
 19   	0.3523    	51.619747   
 20   	0.3718    	51.588314   
 21   	0.3914    	51.673641   
 22   	0.4110    	51.707333   
 23   	0.4305    	51.682613   
 24   	0.4501    	51.666927   
 25   	0.4697    	51.613033   
 26   	0.4892    	51.606258   
 27   	0.5088    	51.556881   
 28   	0.5284    	51.487240   
 29   	0.5479    	51.572567   
 30   	0.5675    	51.633236   
 31   	0.5871    	51.808407   
 32   	0.6067    	51.754513   
 33   	0.6262    	51.716305   
 34   	0.6458    	51.639946   
 35   	0.6654    	51.666927   
 36   	0.6849    	51.597286   
 37   	0.7045    	51.554619   
 38   	0.7241    	51.610775   
 39   	0.7436    	51.646721   
 40   	0.7632    	51.660152   
 41   	0.7828    	51.597286   
 42   	0.8023    	51.651176   
 43   	0.8219    	51.673641   
 44   	0.8415    	51.689388   
 45   	0.8611    	51.711849   
 46   	0.8806    	51.657951   
 47   	0.9002    	51.648922   
 48   	0.9198    	51.734310   
 49   	0.9393    	51.763485   
 50   	0.9589    	51.707333   
 51   	0.9785    	51.934200   
 52   	0.9980    	51.801689   
 53   	1.0176    	51.655697   
 54   	1.0372    	51.615231   
 55   	1.0568    	51.716305   
 56   	1.0763    	51.727535   
 57   	1.0959    	51.599545   
 58   	1.1155    	51.624260   
 59   	1.1350    	51.707333   
 60   	1.1546    	51.689388   
 61   	1.1742    	51.812920   
 62   	1.1937    	51.776974   
 63   	1.2133    	51.741024   
 64   	1.2329    	51.507442   
 65   	1.2524    	51.619747   
 66   	1.2720    	51.655697   
 67   	1.2916    	51.547844   
 68   	1.3112    	51.707333   
 69   	1.3307    	51.554619   
 70   	1.3503    	51.462517   
 71   	1.3699    	51.449032   
 72   	1.3894    	51.417599   
 73   	1.4090    	51.379391   
 74   	1.4286    	51.532158   
 75   	1.4481    	51.379391   
 76   	1.4677    	51.489498   
 77   	1.4873    	51.453548   
 78   	1.5068    	51.507442   
 79   	1.5264    	51.570309   
 80   	1.5460    	51.554619   
 81   	1.5656    	51.729794   
 82   	1.5851    	51.772457   
 83   	1.6047    	51.583797   
 84   	1.6243    	51.615231   
 85   	1.6438    	51.554619   
 86   	1.6634    	51.538876   
 87   	1.6830    	51.577084   
 88   	1.7025    	51.653439   
 89   	1.7221    	51.646721   
 90   	1.7417    	51.559074   
 91   	1.7613    	51.691647   
 92   	1.7808    	51.745541   
 93   	1.8004    	51.657951   
 94   	1.8200    	51.622005   
 95   	1.8395    	51.525387   
 96   	1.8591    	51.604000   
 97   	1.8787    	51.527645   
 98   	1.8982    	51.480465   
 99   	1.9178    	51.453548   
 100  	1.9374    	51.374935   
 101  	1.9569    	51.446774   
 102  	1.9765    	51.523190   
 103  	1.9961    	51.536613   
 104  	2.0157    	51.482723   
 105  	2.0352    	51.426571   
 106  	2.0548    	51.352474   
 107  	2.0744    	51.307552   
 108  	2.0939    	51.395138   
 109  	2.1135    	51.487240   
 110  	2.1331    	51.532158   
 111  	2.1526    	51.422115   
 112  	2.1722    	51.332272   
 113  	2.1918    	51.318783   
 114  	2.2114    	51.442318   
 115  	2.2309    	51.235653   
 116  	2.2505    	51.332272   
 117  	2.2701    	51.529903   
 118  	2.2896    	51.424313   
 119  	2.3092    	51.556881   
 120  	2.3288    	51.705074   
 121  	2.3483    	51.639946   
 122  	2.3679    	51.626461   
 123  	2.3875    	51.626461   
 124  	2.4070    	51.527645   
 125  	2.4266    	51.790462   
 126  	2.4462    	51.608517   
 127  	2.4658    	51.505184   
 128  	2.4853    	51.505184   
 129  	2.5049    	51.482723   
 130  	2.5245    	51.451286   
 131  	2.5440    	51.648922   
 132  	2.5636    	51.460262   
 133  	2.5832    	51.514156   
 134  	2.6027    	51.444576   
 135  	2.6223    	51.464779   
 136  	2.6419    	51.379391   
 137  	2.6614    	51.352474   
 138  	2.6810    	51.188473   
 139  	2.7006    	51.249142   
 140  	2.7202    	51.368160   
 141  	2.7397    	51.444576   
 142  	2.7593    	51.482723   
 143  	2.7789    	51.590572   
 144  	2.7984    	51.545650   
 145  	2.8180    	51.599545   
 146  	2.8376    	51.505184   
 147  	2.8571    	51.390621   
 148  	2.8767    	51.377190   
 149  	2.8963    	51.390621   
 150  	2.9159    	51.341244   
 151  	2.9354    	51.381645   
 152  	2.9550    	51.278313   
 153  	2.9746    	51.199703   
 154  	2.9941    	51.267082   
 155  	3.0137    	51.244625   
 156  	3.0333    	51.303036   
 157  	3.0528    	51.309811   
 158  	3.0724    	51.192986   
 159  	3.0920    	51.374935   
 160  	3.1115    	51.415340   
 161  	3.1311    	51.417599   
 162  	3.1507    	51.413082   
 163  	3.1703    	51.545650   
 164  	3.1898    	51.547844   
 165  	3.2094    	51.637691   
 166  	3.2290    	51.536613   
 167  	3.2485    	51.577084   
 168  	3.2681    	51.507442   
 169  	3.2877    	51.489498   
 170  	3.3072    	51.455807   
 171  	3.3268    	51.482723   
 172  	3.3464    	51.563595   
 173  	3.3659    	51.505184   
 174  	3.3855    	51.437801   
 175  	3.4051    	51.498470   
 176  	3.4247    	51.350216   
 177  	3.4442    	51.368160   
 178  	3.4638    	51.597286   
 179  	3.4834    	51.577084   
 180  	3.5029    	51.538876   
 181  	3.5225    	51.525387   
 182  	3.5421    	51.601803   
 183  	3.5616    	51.696102   
 184  	3.5812    	51.835381   
 185  	3.6008    	51.866817   
 186  	3.6204    	51.707333   
 187  	3.6399    	51.727535   
 188  	3.6595    	51.729794   
 189  	3.6791    	51.680416   
 190  	3.6986    	51.655697   
 191  	3.7182    	51.541134   
 192  	3.7378    	51.541134   
 193  	3.7573    	51.462517   
 194  	3.7769    	51.518673   
 195  	3.7965    	51.572567   
 196  	3.8160    	51.509701   
 197  	3.8356    	51.543388   
 198  	3.8552    	51.426571   
 199  	3.8748    	51.505184   
 200  	3.8943    	51.565849   
 201  	3.9139    	51.651176   
 202  	3.9335    	51.538876   
 203  	3.9530    	51.534420   
 204  	3.9726    	51.799435   
 205  	3.9922    	51.819637   
 206  	4.0117    	51.673641   
 207  	4.0313    	51.646721   
 208  	4.0509    	51.653439   
 209  	4.0705    	51.579342   
 210  	4.0900    	51.606258   
 211  	4.1096    	51.597286   
 212  	4.1292    	51.597286   
 213  	4.1487    	51.597286   
 214  	4.1683    	51.700619   
 215  	4.1879    	51.561337   
 216  	4.2074    	51.673641   
 217  	4.2270    	51.711849   
 218  	4.2466    	51.853329   
 219  	4.2661    	51.635490   
 220  	4.2857    	51.523190   
 221  	4.3053    	51.547844   
 222  	4.3249    	51.496212   
 223  	4.3444    	51.426571   
 224  	4.3640    	51.498470   
 225  	4.3836    	51.424313   
 226  	4.4031    	51.321041   
 227  	4.4227    	51.363705   
 228  	4.4423    	51.500729   
 229  	4.4618    	51.484982   
 230  	4.4814    	51.572567   
 231  	4.5010    	51.588314   
 232  	4.5205    	51.509701   
 233  	4.5401    	51.538876   
 234  	4.5597    	51.482723   
 235  	4.5793    	51.527645   
 236  	4.5988    	51.437801   
 237  	4.6184    	51.469234   
 238  	4.6380    	51.615231   
 239  	4.6575    	51.754513   
 240  	4.6771    	51.734310   
 241  	4.6967    	51.716305   
 242  	4.7162    	51.738766   
 243  	4.7358    	51.803951   
 244  	4.7554    	51.774715   
 245  	4.7750    	51.700619   
 246  	4.7945    	51.637691   
 247  	4.8141    	51.765743   
 248  	4.8337    	51.586056   
 249  	4.8532    	51.502926   
 250  	4.8728    	51.473747   
 251  	4.8924    	51.498470   
 252  	4.9119    	51.511959   
 253  	4.9315    	51.397396   
 254  	4.9511    	51.381645   
 255  	4.9706    	51.433346   
 256  	4.9902    	51.305294   
 257  	5.0098    	51.253658   
 258  	5.0294    	51.262627   
 259  	5.0489    	51.363705   
 260  	5.0685    	51.341244   
 261  	5.0881    	51.458004   
 262  	5.1076    	51.556881   
 263  	5.1272    	51.606258   
 264  	5.1468    	51.648922   
 265  	5.1663    	51.484982   
 266  	5.1859    	51.565849   
 267  	5.2055    	51.592770   
 268  	5.2250    	51.377190   
 269  	5.2446    	51.273857   
 270  	5.2642    	51.276119   
 271  	5.2838    	51.356930   
 272  	5.3033    	51.381645   
 273  	5.3229    	51.442318   
 274  	5.3425    	51.330013   
 275  	5.3620    	51.489498   
 276  	5.3816    	51.363705   
 277  	5.4012    	51.577084   
 278  	5.4207    	51.489498   
 279  	5.4403    	51.529903   
 280  	5.4599    	51.599545   
 281  	5.4795    	51.502926   
 282  	5.4990    	51.541134   
 283  	5.5186    	51.608517   
 284  	5.5382    	51.534420   
 285  	5.5577    	51.534420   
 286  	5.5773    	51.496212   
 287  	5.5969    	51.399654   
 288  	5.6164    	51.511959   
 289  	5.6360    	51.505184   
 290  	5.6556    	51.529903   
 291  	5.6751    	51.507442   
 292  	5.6947    	51.419857   
 293  	5.7143    	51.476009   
 294  	5.7339    	51.532158   
 295  	5.7534    	51.336727   
 296  	5.7730    	51.177242   
 297  	5.7926    	50.719051   
 298  	5.8121    	47.529598   
 299  	5.8317    	25.088863   
 300  	5.8513    	-27.925657  
 301  	5.8708    	-54.645138  
 302  	5.8904    	-46.622128  
 303  	5.9100    	-32.810909  
 304  	5.9295    	-22.047606  
 305  	5.9491    	-3.467956   
 306  	5.9687    	14.188598   
 307  	5.9883    	25.832335   
 308  	6.0078    	35.778072   
 309  	6.0274    	41.316891   
 310  	6.0470    	44.052670   
 311  	6.0665    	49.025505   
 312  	6.0861    	51.994869   
 313  	6.1057    	51.889278   
 314  	6.1252    	50.797665   
 315  	6.1448    	51.287350   
 316  	6.1644    	52.244137   
 317  	6.1840    	52.675411   
 318  	6.2035    	53.183037   
 319  	6.2231    	52.697872   
 320  	6.2427    	52.024044   
 321  	6.2622    	52.962887   
 322  	6.2818    	53.349236   
 323  	6.3014    	53.562618   
 324  	6.3209    	53.324520   
 325  	6.3405    	53.549126   
 326  	6.3601    	53.973625   
 327  	6.3796    	53.773739   
 328  	6.3992    	53.495235   
 329  	6.4188    	53.063961   
 330  	6.4384    	53.162838   
 331  	6.4579    	53.355953   
 332  	6.4775    	53.863583   
 333  	6.4971    	53.484005   
 334  	6.5166    	53.930965   
 335  	6.5362    	54.097164   
 336  	6.5558    	54.921505   
 337  	6.5753    	54.577877   
 338  	6.5949    	54.213985   
 339  	6.6145    	53.861324   
 340  	6.6341    	54.124142   
 341  	6.6536    	53.910759   
 342  	6.6732    	53.787228   
 343  	6.6928    	53.569332   
 344  	6.7123    	53.656979   
 345  	6.7319    	53.782711   
 346  	6.7515    	53.542416   
 347  	6.7710    	53.802971   
 348  	6.7906    	53.775997   
 349  	6.8102    	53.638973   
 350  	6.8297    	53.708614   
 351  	6.8493    	53.859127   
 352  	6.8689    	53.636715   
 353  	6.8885    	53.555901   
 354  	6.9080    	53.598568   
 355  	6.9276    	53.634518   
 356  	6.9472    	53.647945   
 357  	6.9667    	53.531185   
 358  	6.9863    	53.672665   
 359  	7.0059    	53.638973   
 360  	7.0254    	53.589596   
 361  	7.0450    	53.346981   
 362  	7.0646    	53.546871   
 363  	7.0841    	53.470516   
 364  	7.1037    	53.434563   
 365  	7.1233    	53.418880   
 366  	7.1429    	53.382931   
 367  	7.1624    	53.153801   
 368  	7.1820    	53.147091   
 369  	7.2016    	53.171806   
 370  	7.2211    	53.286369   
 371  	7.2407    	53.214474   
 372  	7.2603    	53.140377   
 373  	7.2798    	53.207760   
 374  	7.2994    	53.097652   
 375  	7.3190    	53.263908   
 376  	7.3386    	53.304317   
 377  	7.3581    	53.239193   
 378  	7.3777    	53.214474   
 379  	7.3973    	53.021297   
 380  	7.4168    	53.176262   
 381  	7.4364    	52.953915   
 382  	7.4560    	52.983147   
 383  	7.4755    	53.048275   
 384  	7.4951    	53.005608   
 385  	7.5147    	53.012325   
 386  	7.5342    	52.949459   
 387  	7.5538    	53.133602   
 388  	7.5734    	53.075191   
 389  	7.5930    	53.093197   
 390  	7.6125    	53.054989   
 391  	7.6321    	52.978634   
 392  	7.6517    	52.947201   
 393  	7.6712    	52.893307   
 394  	7.6908    	52.983147   
 395  	7.7104    	52.965145   
 396  	7.7299    	52.908993   
 397  	7.7495    	52.920223   
 398  	7.7691    	52.971920   
 399  	7.7886    	52.933712   
 400  	7.8082    	52.900021   
 401  	7.8278    	52.823666   
 402  	7.8474    	52.596798   
 403  	7.8669    	52.601315   
 404  	7.8865    	52.581051   
 405  	7.9061    	52.623775   
 406  	7.9256    	52.569820   
 407  	7.9452    	52.468746   
 408  	7.9648    	52.497982   
 409  	7.9843    	52.511471   
 410  	8.0039    	52.199215   
 411  	8.0235    	52.237423   
 412  	8.0431    	52.145321   
 413  	8.0626    	52.019527   
 414  	8.0822    	52.059994   
 415  	8.1018    	52.082451   
 416  	8.1213    	52.217220   
 417  	8.1409    	52.266598   
 418  	8.1605    	52.286861   
 419  	8.1800    	52.309322   
 420  	8.1996    	52.408138   
 421  	8.2192    	52.448540   
 422  	8.2387    	52.547359   
 423  	8.2583    	52.567623   
 424  	8.2779    	52.567623   
 425  	8.2975    	52.504696   
 426  	8.3170    	52.527157   
 427  	8.3366    	52.497982   
 428  	8.3562    	52.533932   
 429  	8.3757    	52.428341   
 430  	8.3953    	52.459770   
 431  	8.4149    	52.309322   
 432  	8.4344    	52.298092   
 433  	8.4540    	52.253170   
 434  	8.4736    	52.275631   
 435  	8.4932    	52.205990   
 436  	8.5127    	52.280087   
 437  	8.5323    	52.358700   
 438  	8.5519    	52.576595   
 439  	8.5714    	52.457516   
 440  	8.5910    	52.448540   
 441  	8.6106    	52.426083   
 442  	8.6301    	52.336239   
 443  	8.6497    	52.405880   
 444  	8.6693    	52.432858   
 445  	8.6888    	52.277828   
 446  	8.7084    	52.453060   
 447  	8.7280    	52.273373   
 448  	8.7476    	52.356438   
 449  	8.7671    	52.405880   
 450  	8.7867    	52.446285   
 451  	8.8063    	52.253170   
 452  	8.8258    	52.343014   
 453  	8.8454    	52.383419   
 454  	8.8650    	52.309322   
 455  	8.8845    	52.509212   
 456  	8.9041    	52.475521   
 457  	8.9237    	52.457516   
 458  	8.9432    	52.367668   
 459  	8.9628    	52.515926   
 460  	8.9824    	52.363213   
 461  	9.0020    	52.639462   
 462  	9.0215    	52.524899   
 463  	9.0411    	52.576595   
 464  	9.0607    	52.560848   
 465  	9.0802    	52.401363   
 466  	9.0998    	52.390133   
 467  	9.1194    	52.437309   
 468  	9.1389    	52.524899   
 469  	9.1585    	52.545162   
 470  	9.1781    	52.614738   
 471  	9.1977    	52.608028   
 472  	9.2172    	52.668697   
 473  	9.2368    	52.731564   
 474  	9.2564    	52.511471   
 475  	9.2759    	52.333981   
 476  	9.2955    	52.367668   
 477  	9.3151    	52.401363   
 478  	9.3346    	52.471001   
 479  	9.3542    	52.491207   
 480  	9.3738    	52.210445   
 481  	9.3933    	52.295834   
 482  	9.4129    	52.248653   
 483  	9.4325    	52.122860   
 484  	9.4521    	52.183529   
 485  	9.4716    	52.381161   
 486  	9.4912    	52.307064   
 487  	9.5108    	52.163322   
 488  	9.5303    	52.266598   
 489  	9.5499    	52.221676   
 490  	9.5695    	52.347469   
 491  	9.5890    	52.401363   
 492  	9.6086    	52.394650   
 493  	9.6282    	52.511471   
 494  	9.6477    	52.444084   
 495  	9.6673    	52.399166   
 496  	9.6869    	52.396908   
 497  	9.7065    	52.241940   
 498  	9.7260    	52.401363   
 499  	9.7456    	52.394650   
 500  	9.7652    	52.347469   
 501  	9.7847    	52.479977   
 502  	9.8043    	52.457516   
 503  	9.8239    	52.457516   
 504  	9.8434    	52.358700   
 505  	9.8630    	52.289059   
 506  	9.8826    	52.286861   
 507  	9.9022    	52.383419   
 508  	9.9217    	52.289059   
 509  	9.9413    	52.432858   
 510  	9.9609    	52.394650   
 511  	9.9804    	52.509212   
 512  	10.0000   	52.401363   

